Surf Break,County,Surf Break Type,Latitude (N),Longitude (W),Latitude,Longitude,Date,Time,Wave Height (ft),Upper Wave Height (ft),Wave Height Range,Surf (ft),Rating Scale (1-5),Rating,Primary Swell (ft),Primary Swell (seconds),Secondary Swell 1 (ft),Secondary Swell 1 (seconds),Secondary Swell 2 (ft),Secondary Swell 2 (seconds),Wind (kts),Wind (kts).1,Wave Energy,Consistency,Weather (F),Pressure (mb),Probability (%)
The Wedge,North Orange County,Beach Break,33.169722,-117.585278,33.169722° N,-117.585278° W,2024-04-21,0,5,7,5-7,45419,5,FAIR TO GOOD,1.5,18,1.8,13,0.5,11,0,0kts,87.0,20,57,1017,100
The Wedge,North Orange County,Beach Break,33.169722,-117.585278,33.169722° N,-117.585278° W,2024-04-21,3,5,7,5-7,45419,5,FAIR TO GOOD,1.6,18,1.7,13,0.5,11,0,0kts,88.0,20,58,1015,100
The Wedge,North Orange County,Beach Break,33.169722,-117.585278,33.169722° N,-117.585278° W,2024-04-21,6,4,6+,4-6+,4-6+,5,FAIR TO GOOD,1.5,18,1.7,13,0.5,11,0,0kts,80.0,20,58,1015,100
The Wedge,North Orange County,Beach Break,33.169722,-117.585278,33.169722° N,-117.585278° W,2024-04-21,9,5,7,5-7,45419,5,FAIR TO GOOD,1.5,18,1.6,13,0.5,10,0,0kts,77.0,20,59,1016,100
The Wedge,North Orange County,Beach Break,33.169722,-117.585278,33.169722° N,-117.585278° W,2024-04-21,12,4,6+,4-6+,4-6+,4,FAIR,1.7,17,1.5,13,0.5,11,7,7kts,81.0,20,64,1014,100
The Wedge,North Orange County,Beach Break,33.169722,-117.585278,33.169722° N,-117.585278° W,2024-04-21,15,4,6+,4-6+,4-6+,4,FAIR,1.8,17,1.4,12,0.5,10,7,7kts,84.0,21,61,1014,100
The Wedge,North Orange County,Beach Break,33.169722,-117.585278,33.169722° N,-117.585278° W,2024-04-21,18,5,7,5-7,45419,4,FAIR,1.9,16,1.4,12,0.5,10,6,6kts,85.0,22,58,1013,100
The Wedge,North Orange County,Beach Break,33.169722,-117.585278,33.169722° N,-117.585278° W,2024-04-21,21,5,7,5-7,45419,4,FAIR,1.9,16,1.4,12,0.5,10,3,3kts,90.0,23,55,1014,100
The Wedge,North Orange County,Beach Break,33.169722,-117.585278,33.169722° N,-117.585278° W,2024-04-22,0,5,7,5-7,45419,4,FAIR,2.0,16,1.4,12,0.5,10,2,2kts,94.0,24,55,1013,100
The Wedge,North Orange County,Beach Break,33.169722,-117.585278,33.169722° N,-117.585278° W,2024-04-22,3,5,7,5-7,45419,4,FAIR,2.0,16,1.4,12,0.5,10,2,2kts,94.0,24,55,1012,100
The Wedge,North Orange County,Beach Break,33.169722,-117.585278,33.169722° N,-117.585278° W,2024-04-22,6,5,7,5-7,45419,4,FAIR,2.1,16,1.2,12,0.5,10,3,3kts,97.0,23,54,1012,100
The Wedge,North Orange County,Beach Break,33.169722,-117.585278,33.169722° N,-117.585278° W,2024-04-22,9,4,6+,4-6+,4-6+,4,FAIR,2.0,16,1.2,12,0.5,10,4,4kts,89.0,23,55,1013,100
The Wedge,North Orange County,Beach Break,33.169722,-117.585278,33.169722° N,-117.585278° W,2024-04-22,12,4,6+,4-6+,4-6+,4,FAIR,2.0,16,1.2,12,0.5,10,5,5kts,85.0,24,58,1013,100
The Wedge,North Orange County,Beach Break,33.169722,-117.585278,33.169722° N,-117.585278° W,2024-04-22,15,4,6+,4-6+,4-6+,4,FAIR,2.0,15,1.2,12,0.5,10,8,8kts,85.0,26,62,1012,100
The Wedge,North Orange County,Beach Break,33.169722,-117.585278,33.169722° N,-117.585278° W,2024-04-22,18,4,6+,4-6+,4-6+,4,FAIR,2.1,15,1.2,12,0.5,10,9,9kts,85.0,28,58,1012,95
The Wedge,North Orange County,Beach Break,33.169722,-117.585278,33.169722° N,-117.585278° W,2024-04-22,21,5,7,5-7,45419,4,FAIR,2.1,15,1.1,12,0.5,10,9,9kts,89.0,29,57,1013,75
The Wedge,North Orange County,Beach Break,33.169722,-117.585278,33.169722° N,-117.585278° W,2024-04-23,0,5,7,5-7,45419,4,FAIR,2.2,15,1.1,12,0.5,10,9,9kts,93.0,27,56,1014,60
The Wedge,North Orange County,Beach Break,33.169722,-117.585278,33.169722° N,-117.585278° W,2024-04-23,3,5,7,5-7,45419,4,FAIR,2.5,15,1.2,5,0.5,10,12,12kts,137.0,24,55,1014,100
The Wedge,North Orange County,Beach Break,33.169722,-117.585278,33.169722° N,-117.585278° W,2024-04-23,6,4,6+,4-6+,4-6+,4,FAIR,2.2,15,1.0,18,1.3,5,9,9kts,101.0,23,54,1015,100
The Wedge,North Orange County,Beach Break,33.169722,-117.585278,33.169722° N,-117.585278° W,2024-04-23,9,4,6+,4-6+,4-6+,4,FAIR,2.1,15,1.0,11,1.3,5,9,9kts,91.0,24,56,1016,100
The Wedge,North Orange County,Beach Break,33.169722,-117.585278,33.169722° N,-117.585278° W,2024-04-23,12,5,7,5-7,45419,4,FAIR,2.1,17,1.0,11,1.2,5,6,6kts,122.0,20,59,1017,100
The Wedge,North Orange County,Beach Break,33.169722,-117.585278,33.169722° N,-117.585278° W,2024-04-23,15,4,6+,4-6+,4-6+,4,FAIR,2.1,17,0.9,11,1.2,5,9,9kts,129.0,14,59,1016,100
The Wedge,North Orange County,Beach Break,33.169722,-117.585278,33.169722° N,-117.585278° W,2024-04-23,18,4,6+,4-6+,4-6+,4,FAIR,2.1,17,1.0,11,1.3,5,9,9kts,120.0,16,59,1016,100
The Wedge,North Orange County,Beach Break,33.169722,-117.585278,33.169722° N,-117.585278° W,2024-04-23,21,5,7,5-7,45419,4,FAIR,1.7,17,1.5,13,1.3,6,8,8kts,86.0,18,58,1017,100
The Wedge,North Orange County,Beach Break,33.169722,-117.585278,33.169722° N,-117.585278° W,2024-04-24,0,5,7,5-7,45419,4,FAIR,1.7,17,1.5,13,1.3,6,7,7kts,87.0,19,58,1018,100
The Wedge,North Orange County,Beach Break,33.169722,-117.585278,33.169722° N,-117.585278° W,2024-04-24,3,4,6+,4-6+,4-6+,4,FAIR,1.9,16,1.4,13,1.3,5,5,5kts,92.0,19,58,1017,100
The Wedge,North Orange County,Beach Break,33.169722,-117.585278,33.169722° N,-117.585278° W,2024-04-24,6,4,6+,4-6+,4-6+,4,FAIR,2.0,16,1.3,13,1.2,6,2,2kts,99.0,20,57,1018,100
The Wedge,North Orange County,Beach Break,33.169722,-117.585278,33.169722° N,-117.585278° W,2024-04-24,9,5,7,5-7,45419,4,FAIR,2.2,16,1.2,13,1.2,5,6,6kts,119.0,19,58,1019,100
The Wedge,North Orange County,Beach Break,33.169722,-117.585278,33.169722° N,-117.585278° W,2024-04-24,12,5,7,5-7,45419,4,FAIR,2.5,16,1.2,5,0.3,15,6,6kts,181.0,16,58,1019,100
The Wedge,North Orange County,Beach Break,33.169722,-117.585278,33.169722° N,-117.585278° W,2024-04-24,15,5,7,5-7,45419,3,POOR TO FAIR,2.5,16,1.2,5,0.4,9,12,12kts,191.0,14,59,1017,95
The Wedge,North Orange County,Beach Break,33.169722,-117.585278,33.169722° N,-117.585278° W,2024-04-24,18,4,6+,4-6+,4-6+,3,POOR TO FAIR,2.4,16,2.0,4,0.4,9,15,15kts,165.0,15,59,1017,100
The Wedge,North Orange County,Beach Break,33.169722,-117.585278,33.169722° N,-117.585278° W,2024-04-24,21,4,6,4-6,45388,3,POOR TO FAIR,2.3,16,2.6,5,0.4,9,14,14kts,147.0,17,58,1019,95
The Wedge,North Orange County,Beach Break,33.169722,-117.585278,33.169722° N,-117.585278° W,2024-04-25,0,4,6,4-6,45388,3,POOR TO FAIR,2.1,15,1.0,12,2.4,5,12,12kts,86.0,24,58,1018,95
The Wedge,North Orange County,Beach Break,33.169722,-117.585278,33.169722° N,-117.585278° W,2024-04-25,3,4,6,4-6,45388,3,POOR TO FAIR,2.1,15,1.0,12,2.3,5,11,11kts,82.0,28,57,1018,95
The Wedge,North Orange County,Beach Break,33.169722,-117.585278,33.169722° N,-117.585278° W,2024-04-25,6,4,6,4-6,45388,4,FAIR,2.4,15,2.0,5,0.2,21,8,8kts,135.0,27,57,1018,95
The Wedge,North Orange County,Beach Break,33.169722,-117.585278,33.169722° N,-117.585278° W,2024-04-25,9,4,6,4-6,45388,4,FAIR,2.4,15,1.8,5,0.2,20,4,4kts,138.0,26,57,1019,70
The Wedge,North Orange County,Beach Break,33.169722,-117.585278,33.169722° N,-117.585278° W,2024-04-25,12,4,6,4-6,45388,4,FAIR,2.4,14,1.5,5,0.3,20,6,6kts,138.0,26,58,1020,75
The Wedge,North Orange County,Beach Break,33.169722,-117.585278,33.169722° N,-117.585278° W,2024-04-25,15,4,6,4-6,45388,4,FAIR,2.3,14,0.5,17,0.3,19,9,9kts,105.0,26,59,1018,95
The Wedge,North Orange County,Beach Break,33.169722,-117.585278,33.169722° N,-117.585278° W,2024-04-25,18,4,5,4-5,45387,3,POOR TO FAIR,2.2,14,0.4,19,1.4,5,10,10kts,90.0,28,58,1017,65
The Wedge,North Orange County,Beach Break,33.169722,-117.585278,33.169722° N,-117.585278° W,2024-04-25,21,3,4+,3-4+,3-4+,3,POOR TO FAIR,2.2,13,1.5,5,0.3,20,8,8kts,78.0,32,58,1018,45
The Wedge,North Orange County,Beach Break,33.169722,-117.585278,33.169722° N,-117.585278° W,2024-04-26,0,3,4+,3-4+,3-4+,3,POOR TO FAIR,2.1,13,1.6,5,0.4,19,7,7kts,65.0,35,58,1017,45
The Wedge,North Orange County,Beach Break,33.169722,-117.585278,33.169722° N,-117.585278° W,2024-04-26,3,3,4+,3-4+,3-4+,3,POOR TO FAIR,2.2,13,2.3,7,0.4,19,7,7kts,77.0,38,57,1016,80
The Wedge,North Orange County,Beach Break,33.169722,-117.585278,33.169722° N,-117.585278° W,2024-04-26,6,3,4+,3-4+,3-4+,3,POOR TO FAIR,2.1,13,2.5,7,0.5,18,10,10kts,68.0,40,58,1015,100
The Wedge,North Orange County,Beach Break,33.169722,-117.585278,33.169722° N,-117.585278° W,2024-04-26,9,3,4+,3-4+,3-4+,3,POOR TO FAIR,2.1,13,2.2,7,0.6,18,8,8kts,65.0,40,58,1015,100
The Wedge,North Orange County,Beach Break,33.169722,-117.585278,33.169722° N,-117.585278° W,2024-04-26,12,3,4+,3-4+,3-4+,3,POOR TO FAIR,2.0,13,0.6,18,1.9,7,7,7kts,59.0,39,59,1015,95
The Wedge,North Orange County,Beach Break,33.169722,-117.585278,33.169722° N,-117.585278° W,2024-04-26,15,3,4,3-4,45355,3,POOR TO FAIR,2.0,13,0.6,18,1.7,7,5,5kts,53.0,38,60,1014,70
The Wedge,North Orange County,Beach Break,33.169722,-117.585278,33.169722° N,-117.585278° W,2024-04-26,18,3,4,3-4,45355,3,POOR TO FAIR,1.8,12,0.6,18,1.6,7,7,7kts,45.0,40,60,1012,40
The Wedge,North Orange County,Beach Break,33.169722,-117.585278,33.169722° N,-117.585278° W,2024-04-26,21,3,4,3-4,45355,3,POOR TO FAIR,1.8,12,1.8,7,0.6,18,11,11kts,47.0,43,59,1012,40
The Wedge,North Orange County,Beach Break,33.169722,-117.585278,33.169722° N,-117.585278° W,2024-04-27,0,3,4+,3-4+,3-4+,2,POOR,1.8,12,3.5,6,0.6,17,17,17kts,59.0,48,59,1012,50
The Wedge,North Orange County,Beach Break,33.169722,-117.585278,33.169722° N,-117.585278° W,2024-04-27,3,4,5,4-5,45387,1,VERY POOR,5.1,7,1.7,12,0.6,16,25,25kts,93.0,56,59,1010,40
The Wedge,North Orange County,Beach Break,33.169722,-117.585278,33.169722° N,-117.585278° W,2024-04-27,6,4,5,4-5,45387,1,VERY POOR,6.1,7,1.6,12,0.7,16,27,27kts,136.0,63,57,1010,50
The Wedge,North Orange County,Beach Break,33.169722,-117.585278,33.169722° N,-117.585278° W,2024-04-27,9,4,5,4-5,45387,1,VERY POOR,6.0,7,1.6,12,0.8,16,22,22kts,155.0,67,56,1012,50
The Wedge,North Orange County,Beach Break,33.169722,-117.585278,33.169722° N,-117.585278° W,2024-04-27,12,4,5,4-5,45387,2,POOR,5.7,8,1.6,12,0.8,16,18,18kts,170.0,69,57,1012,55
The Wedge,North Orange County,Beach Break,33.169722,-117.585278,33.169722° N,-117.585278° W,2024-04-27,15,4,5,4-5,45387,1,VERY POOR,6.3,8,1.5,12,0.8,16,21,21kts,206.0,70,59,1012,40
The Wedge,North Orange County,Beach Break,33.169722,-117.585278,33.169722° N,-117.585278° W,2024-04-27,18,4,6,4-6,45388,1,VERY POOR,7.0,8,1.5,12,0.7,16,27,27kts,223.0,71,58,1011,30
The Wedge,North Orange County,Beach Break,33.169722,-117.585278,33.169722° N,-117.585278° W,2024-04-27,21,3,5,3-5,45356,1,VERY POOR,6.9,8,1.5,12,0.8,16,25,25kts,250.0,71,58,1012,35
The Wedge,North Orange County,Beach Break,33.169722,-117.585278,33.169722° N,-117.585278° W,2024-04-28,0,4,6,4-6,45388,1,VERY POOR,6.7,8,1.4,12,0.8,16,22,22kts,243.0,70,57,1012,75
The Wedge,North Orange County,Beach Break,33.169722,-117.585278,33.169722° N,-117.585278° W,2024-04-28,3,3,4+,3-4+,3-4+,2,POOR,5.8,8,1.4,12,0.8,15,19,19kts,174.0,69,58,1011,65
The Wedge,North Orange County,Beach Break,33.169722,-117.585278,33.169722° N,-117.585278° W,2024-04-28,6,3,4+,3-4+,3-4+,3,POOR TO FAIR,4.9,8,1.4,12,0.8,15,8,8kts,121.0,67,58,1012,45
The Wedge,North Orange County,Beach Break,33.169722,-117.585278,33.169722° N,-117.585278° W,2024-04-28,9,3,4,3-4,45355,4,FAIR,4.2,8,1.3,12,0.7,15,5,5kts,78.0,64,58,1014,65
The Wedge,North Orange County,Beach Break,33.169722,-117.585278,33.169722° N,-117.585278° W,2024-04-28,12,3,4,3-4,45355,3,POOR TO FAIR,3.7,8,1.3,12,0.6,18,4,4kts,58.0,61,60,1016,65
The Wedge,North Orange County,Beach Break,33.169722,-117.585278,33.169722° N,-117.585278° W,2024-04-28,15,2,3+,2-3+,2-3+,3,POOR TO FAIR,3.2,8,1.3,12,0.7,15,3,3kts,47.0,58,60,1016,60
The Wedge,North Orange County,Beach Break,33.169722,-117.585278,33.169722° N,-117.585278° W,2024-04-28,18,2,3+,2-3+,2-3+,3,POOR TO FAIR,1.3,11,2.8,7,0.7,15,5,5kts,36.0,54,61,1015,60
The Wedge,North Orange County,Beach Break,33.169722,-117.585278,33.169722° N,-117.585278° W,2024-04-28,21,2,3,2-3,45325,3,POOR TO FAIR,1.2,11,2.5,8,0.7,15,3,3kts,32.0,52,61,1015,45
The Wedge,North Orange County,Beach Break,33.169722,-117.585278,33.169722° N,-117.585278° W,2024-04-29,0,2,3,2-3,45325,3,POOR TO FAIR,1.2,11,2.5,7,0.8,15,4,4kts,33.0,44,60,1016,45
The Wedge,North Orange County,Beach Break,33.169722,-117.585278,33.169722° N,-117.585278° W,2024-04-29,3,2,3,2-3,45325,3,POOR TO FAIR,1.2,11,0.9,15,2.6,7,5,5kts,32.0,36,59,1015,50
The Wedge,North Orange County,Beach Break,33.169722,-117.585278,33.169722° N,-117.585278° W,2024-04-29,6,2,3,2-3,45325,3,POOR TO FAIR,1.2,11,0.9,15,2.4,7,5,5kts,31.0,34,59,1015,80
The Wedge,North Orange County,Beach Break,33.169722,-117.585278,33.169722° N,-117.585278° W,2024-04-29,9,2,3,2-3,45325,3,POOR TO FAIR,1.1,11,0.9,16,2.2,7,4,4kts,30.0,33,59,1016,95
The Wedge,North Orange County,Beach Break,33.169722,-117.585278,33.169722° N,-117.585278° W,2024-04-29,12,2,3,2-3,45325,3,POOR TO FAIR,1.1,11,0.8,16,1.5,7,3,3kts,21.0,30,60,1016,95
The Wedge,North Orange County,Beach Break,33.169722,-117.585278,33.169722° N,-117.585278° W,2024-04-29,15,2,3,2-3,45325,3,POOR TO FAIR,0.8,16,1.0,11,1.8,8,8,8kts,22.0,26,62,1014,100
The Wedge,North Orange County,Beach Break,33.169722,-117.585278,33.169722° N,-117.585278° W,2024-04-29,18,2,3,2-3,45325,2,POOR,1.0,11,0.6,14,0.5,16,13,13kts,16.0,22,62,1012,95
The Wedge,North Orange County,Beach Break,33.169722,-117.585278,33.169722° N,-117.585278° W,2024-04-29,21,2,3,2-3,45325,2,POOR,1.0,11,0.7,14,1.4,7,13,13kts,15.0,18,62,1013,100
The Wedge,North Orange County,Beach Break,33.169722,-117.585278,33.169722° N,-117.585278° W,2024-04-30,0,1,2,1-2,45293,2,POOR,1.0,11,0.7,14,1.4,6,5,5kts,14.0,15,61,1013,95
The Wedge,North Orange County,Beach Break,33.169722,-117.585278,33.169722° N,-117.585278° W,2024-04-30,3,1,2,1-2,45293,2,POOR,1.0,11,0.7,14,1.3,6,3,3kts,14.0,14,61,1013,80
The Wedge,North Orange County,Beach Break,33.169722,-117.585278,33.169722° N,-117.585278° W,2024-04-30,6,1,2,1-2,45293,2,POOR,0.7,14,1.0,11,1.2,6,3,3kts,13.0,13,61,1012,80
The Wedge,North Orange County,Beach Break,33.169722,-117.585278,33.169722° N,-117.585278° W,2024-04-30,9,1,2,1-2,45293,2,POOR,0.9,11,0.7,14,1.3,6,1,1kts,12.0,12,61,1013,70
The Wedge,North Orange County,Beach Break,33.169722,-117.585278,33.169722° N,-117.585278° W,2024-04-30,12,1,2,1-2,45293,2,POOR,0.9,11,0.7,14,1.3,6,4,4kts,11.0,11,64,1014,80
The Wedge,North Orange County,Beach Break,33.169722,-117.585278,33.169722° N,-117.585278° W,2024-04-30,15,1,2,1-2,45293,2,POOR,0.7,14,0.9,10,1.1,6,10,10kts,11.0,10,65,1013,85
The Wedge,North Orange County,Beach Break,33.169722,-117.585278,33.169722° N,-117.585278° W,2024-04-30,18,1,2,1-2,45293,2,POOR,0.9,10,0.6,14,1.0,6,15,15kts,10.0,9,64,1012,65
The Wedge,North Orange County,Beach Break,33.169722,-117.585278,33.169722° N,-117.585278° W,2024-04-30,21,1,2,1-2,45293,2,POOR,0.9,10,0.6,14,0.9,6,13,13kts,10.0,10,64,1013,--%
The Wedge,North Orange County,Beach Break,33.169722,-117.585278,33.169722° N,-117.585278° W,2024-05-01,0,1,2,1-2,45293,2,POOR,0.7,15,0.9,10,1.2,6,6,6kts,12.0,10,63,1013,--%
The Wedge,North Orange County,Beach Break,33.169722,-117.585278,33.169722° N,-117.585278° W,2024-05-01,3,1,2,1-2,45293,2,POOR,0.9,10,0.6,13,0.3,19,6,6kts,9.4,9,62,1013,--%
The Wedge,North Orange County,Beach Break,33.169722,-117.585278,33.169722° N,-117.585278° W,2024-05-01,6,1,2,1-2,45293,2,POOR,1.0,10,0.5,17,0.5,13,1,1kts,9.8,9,62,1013,--%
The Wedge,North Orange County,Beach Break,33.169722,-117.585278,33.169722° N,-117.585278° W,2024-05-01,9,1,2,1-2,45293,2,POOR,1.0,10,0.6,13,0.4,17,1,1kts,9.2,10,63,1014,--%
The Wedge,North Orange County,Beach Break,33.169722,-117.585278,33.169722° N,-117.585278° W,2024-05-01,12,1,2,1-2,45293,2,POOR,1.0,10,0.6,18,0.5,13,4,4kts,11.0,11,65,1015,--%
The Wedge,North Orange County,Beach Break,33.169722,-117.585278,33.169722° N,-117.585278° W,2024-05-01,15,1,2,1-2,45293,2,POOR,1.0,10,0.6,13,0.4,18,11,11kts,9.4,12,67,1013,--%
The Wedge,North Orange County,Beach Break,33.169722,-117.585278,33.169722° N,-117.585278° W,2024-05-01,18,1,2,1-2,45293,2,POOR,1.0,10,0.5,13,0.4,18,19,19kts,8.7,11,67,1012,--%
The Wedge,North Orange County,Beach Break,33.169722,-117.585278,33.169722° N,-117.585278° W,2024-05-01,21,1,2,1-2,45293,2,POOR,0.9,10,0.5,18,0.6,13,18,18kts,9.6,10,66,1012,--%
The Wedge,North Orange County,Beach Break,33.169722,-117.585278,33.169722° N,-117.585278° W,2024-05-02,0,1,2,1-2,45293,2,POOR,0.9,10,0.5,17,0.5,14,9,9kts,10.0,12,66,1012,--%
The Wedge,North Orange County,Beach Break,33.169722,-117.585278,33.169722° N,-117.585278° W,2024-05-02,3,1,2,1-2,45293,2,POOR,0.8,17,0.9,10,0.4,19,6,6kts,16.0,13,65,1011,--%
The Wedge,North Orange County,Beach Break,33.169722,-117.585278,33.169722° N,-117.585278° W,2024-05-02,6,2,3,2-3,45325,3,POOR TO FAIR,0.8,16,0.9,10,0.4,19,4,4kts,14.0,15,64,1011,--%
The Wedge,North Orange County,Beach Break,33.169722,-117.585278,33.169722° N,-117.585278° W,2024-05-02,9,2,3,2-3,45325,3,POOR TO FAIR,0.8,16,0.9,9,0.5,19,3,3kts,14.0,16,64,1012,--%
The Wedge,North Orange County,Beach Break,33.169722,-117.585278,33.169722° N,-117.585278° W,2024-05-02,12,2,3,2-3,45325,3,POOR TO FAIR,0.8,16,0.9,9,0.5,18,3,3kts,14.0,16,66,1012,--%
The Wedge,North Orange County,Beach Break,33.169722,-117.585278,33.169722° N,-117.585278° W,2024-05-02,15,2,3,2-3,45325,2,POOR,0.6,18,0.9,9,0.5,16,9,9kts,11.0,15,69,1011,--%
The Wedge,North Orange County,Beach Break,33.169722,-117.585278,33.169722° N,-117.585278° W,2024-05-02,18,2,3,2-3,45325,2,POOR,0.7,18,0.6,16,0.8,9,21,21kts,13.0,15,67,1010,--%
The Wedge,North Orange County,Beach Break,33.169722,-117.585278,33.169722° N,-117.585278° W,2024-05-02,21,2,3,2-3,45325,2,POOR,0.7,16,0.7,18,0.8,9,11,11kts,16.0,19,65,1010,--%
The Wedge,North Orange County,Beach Break,33.169722,-117.585278,33.169722° N,-117.585278° W,2024-05-03,0,2,3,2-3,45325,2,POOR,0.9,16,0.8,18,0.8,9,8,8kts,22.0,23,64,1011,--%
The Wedge,North Orange County,Beach Break,33.169722,-117.585278,33.169722° N,-117.585278° W,2024-05-03,3,2,3,2-3,45325,2,POOR,1.0,17,0.8,17,0.8,9,10,10kts,26.0,24,63,1011,--%
The Wedge,North Orange County,Beach Break,33.169722,-117.585278,33.169722° N,-117.585278° W,2024-05-03,6,2,3,2-3,45325,2,POOR,1.0,17,0.8,17,0.8,9,11,11kts,31.0,23,62,1010,--%
The Wedge,North Orange County,Beach Break,33.169722,-117.585278,33.169722° N,-117.585278° W,2024-05-03,9,2,3,2-3,45325,2,POOR,1.0,17,0.9,16,0.8,9,12,12kts,33.0,22,63,1012,--%
The Wedge,North Orange County,Beach Break,33.169722,-117.585278,33.169722° N,-117.585278° W,2024-05-03,12,3,4,3-4,45355,3,POOR TO FAIR,1.0,17,1.0,16,0.7,9,12,12kts,33.0,23,63,1012,--%
The Wedge,North Orange County,Beach Break,33.169722,-117.585278,33.169722° N,-117.585278° W,2024-05-03,15,3,4,3-4,45355,3,POOR TO FAIR,1.1,17,1.0,16,0.7,9,8,8kts,33.0,23,63,1011,--%
The Wedge,North Orange County,Beach Break,33.169722,-117.585278,33.169722° N,-117.585278° W,2024-05-03,18,3,4,3-4,45355,3,POOR TO FAIR,1.1,17,0.9,16,0.7,9,4,4kts,34.0,23,64,1010,--%
The Wedge,North Orange County,Beach Break,33.169722,-117.585278,33.169722° N,-117.585278° W,2024-05-03,21,3,4+,3-4+,3-4+,3,POOR TO FAIR,1.2,16,0.9,16,0.7,9,4,4kts,37.0,23,63,1011,--%
The Wedge,North Orange County,Beach Break,33.169722,-117.585278,33.169722° N,-117.585278° W,2024-05-04,0,3,4+,3-4+,3-4+,3,POOR TO FAIR,1.2,16,0.9,16,0.7,9,7,7kts,38.0,22,63,1012,--%
The Wedge,North Orange County,Beach Break,33.169722,-117.585278,33.169722° N,-117.585278° W,2024-05-04,3,3,4+,3-4+,3-4+,3,POOR TO FAIR,1.3,16,0.9,16,0.7,9,9,9kts,40.0,22,62,1012,--%
The Wedge,North Orange County,Beach Break,33.169722,-117.585278,33.169722° N,-117.585278° W,2024-05-04,6,3,4+,3-4+,3-4+,3,POOR TO FAIR,1.3,16,0.9,15,0.7,9,9,9kts,40.0,23,62,1011,--%
The Wedge,North Orange County,Beach Break,33.169722,-117.585278,33.169722° N,-117.585278° W,2024-05-04,9,3,4+,3-4+,3-4+,3,POOR TO FAIR,1.3,16,1.0,15,1.6,6,9,9kts,37.0,24,62,1013,--%
The Wedge,North Orange County,Beach Break,33.169722,-117.585278,33.169722° N,-117.585278° W,2024-05-04,12,3,4+,3-4+,3-4+,3,POOR TO FAIR,1.3,15,0.9,15,1.4,5,5,5kts,36.0,27,63,1014,--%
The Wedge,North Orange County,Beach Break,33.169722,-117.585278,33.169722° N,-117.585278° W,2024-05-04,15,3,4+,3-4+,3-4+,3,POOR TO FAIR,1.3,15,0.9,15,0.5,11,6,6kts,35.0,29,64,1013,--%
The Wedge,North Orange County,Beach Break,33.169722,-117.585278,33.169722° N,-117.585278° W,2024-05-04,18,3,4+,3-4+,3-4+,3,POOR TO FAIR,1.3,15,0.9,15,0.6,9,11,11kts,37.0,29,64,1012,--%
The Wedge,North Orange County,Beach Break,33.169722,-117.585278,33.169722° N,-117.585278° W,2024-05-04,21,3,4+,3-4+,3-4+,3,POOR TO FAIR,1.3,15,0.9,15,0.6,9,9,9kts,36.0,30,62,1012,--%
The Wedge,North Orange County,Beach Break,33.169722,-117.585278,33.169722° N,-117.585278° W,2024-05-05,0,3,4,3-4,45355,3,POOR TO FAIR,1.3,15,0.9,14,0.6,9,5,5kts,34.0,31,61,1014,--%
The Wedge,North Orange County,Beach Break,33.169722,-117.585278,33.169722° N,-117.585278° W,2024-05-05,3,3,4,3-4,45355,3,POOR TO FAIR,1.3,15,0.9,14,0.5,11,3,3kts,30.0,32,60,1013,--%
The Wedge,North Orange County,Beach Break,33.169722,-117.585278,33.169722° N,-117.585278° W,2024-05-05,6,3,4,3-4,45355,3,POOR TO FAIR,1.2,15,0.9,14,0.7,9,4,4kts,28.0,33,60,1013,--%
The Wedge,North Orange County,Beach Break,33.169722,-117.585278,33.169722° N,-117.585278° W,2024-05-05,9,3,4,3-4,45355,3,POOR TO FAIR,1.2,15,0.9,14,0.8,10,5,5kts,28.0,34,60,1014,--%
The Wedge,North Orange County,Beach Break,33.169722,-117.585278,33.169722° N,-117.585278° W,2024-05-05,12,2,3+,2-3+,2-3+,3,POOR TO FAIR,1.2,14,0.9,13,0.8,10,6,6kts,27.0,35,61,1015,--%
The Wedge,North Orange County,Beach Break,33.169722,-117.585278,33.169722° N,-117.585278° W,2024-05-05,15,2,3+,2-3+,2-3+,2,POOR,1.2,14,0.9,13,0.8,10,9,9kts,27.0,36,63,1014,--%
The Wedge,North Orange County,Beach Break,33.169722,-117.585278,33.169722° N,-117.585278° W,2024-05-05,18,2,3+,2-3+,2-3+,2,POOR,1.2,14,0.9,13,0.9,10,13,13kts,27.0,37,62,1013,--%
The Wedge,North Orange County,Beach Break,33.169722,-117.585278,33.169722° N,-117.585278° W,2024-05-05,21,2,3+,2-3+,2-3+,3,POOR TO FAIR,1.2,14,0.9,13,0.5,18,9,9kts,25.0,36,61,1014,--%
The Wedge,North Orange County,Beach Break,33.169722,-117.585278,33.169722° N,-117.585278° W,2024-05-06,0,3,4,3-4,45355,3,POOR TO FAIR,1.1,14,1.0,13,0.6,20,10,10kts,26.0,35,61,1015,--%
The Wedge,North Orange County,Beach Break,33.169722,-117.585278,33.169722° N,-117.585278° W,2024-05-06,3,2,3+,2-3+,2-3+,3,POOR TO FAIR,1.1,14,0.7,20,1.0,13,4,4kts,26.0,35,60,1014,--%
The Wedge,North Orange County,Beach Break,33.169722,-117.585278,33.169722° N,-117.585278° W,2024-05-06,6,2,3+,2-3+,2-3+,3,POOR TO FAIR,1.0,13,0.8,20,1.0,13,5,5kts,27.0,34,60,1015,--%
The Wedge,North Orange County,Beach Break,33.169722,-117.585278,33.169722° N,-117.585278° W,2024-05-06,9,3,4,3-4,45355,3,POOR TO FAIR,1.0,13,0.8,20,0.9,12,5,5kts,27.0,32,60,1016,--%
The Wedge,North Orange County,Beach Break,33.169722,-117.585278,33.169722° N,-117.585278° W,2024-05-06,12,3,4+,3-4+,3-4+,4,FAIR,0.9,21,1.0,13,0.9,12,6,6kts,31.0,30,62,1016,--%
The Wedge,North Orange County,Beach Break,33.169722,-117.585278,33.169722° N,-117.585278° W,2024-05-06,15,4,5,4-5,45387,4,FAIR,0.9,19,1.0,13,0.6,22,10,10kts,28.0,28,62,1014,--%
The Wedge,North Orange County,Beach Break,33.169722,-117.585278,33.169722° N,-117.585278° W,2024-05-06,18,4,6,4-6,45388,3,POOR TO FAIR,1.0,18,0.8,22,1.0,13,12,12kts,35.0,25,62,1013,--%
The Wedge,North Orange County,Beach Break,33.169722,-117.585278,33.169722° N,-117.585278° W,2024-05-06,21,4,6+,4-6+,4-6+,4,FAIR,1.5,18,1.0,13,1.0,10,10,10kts,56.0,22,61,1013,--%
